use_ckrk  <- 0
N_t <- 20

t <- c(7,  14,  21,  28,  35,  42,  49,  56,  63,  70,  77,  84,  91,  98, 105, 112, 119, 126, 133,140)
y0 <- c(10000,     0,     0, 10000)

stoi_hat <- c(
441, 419, 553, 666, 753, 692, 644, 509, 371, 286, 200, 147, 101,  68,  49,  35,  19,  12,   7, 10)

B_hat <- c(
 6141.730,  5801.720,  9439.140, 13742.000, 11975.000, 16387.000, 15144.000,
14705.600,  8736.390,  7553.290,  6007.090,  5979.960,  3048.170,  1566.770,
 1275.210,   824.850,   604.605,   516.250,   258.046,   188.591)
