use_ckrk  <- 0
N_t <- 4
t <- c(0.1,  0.5, 1.0, 10.0)
y1 <- c(2.08037,1.90779,2.08013,4.54112)
