eps <- 0.2
sigma <- 0.5
